771220257
2525312
1675097634
891310643
660361566
328028345
1337444887
2016524312
1034082554
1154699119
902156945
1086410056
1804544162
905558668
775139318
1691487349
1980428917
241120221
1033921024
1239770010
1750968713
527154821
561683215
1138873609
1182084382
69743817
1904178593
1014742812
1393127501
381851801
471477654
2113460843
1709923977
1735331061
710206218
289691556
778325013
838073728
1018305564
267955559
57693281
767669875
20909354
1273365494
1253344696
1785120949
331992719
1749784243
112996146
1522760756
128148571
870947868
1414260977
363345070
154471420
1992509318
2101624261
689798023
148307892
1690664515
942918923
2049984714
1159994204
173822683
748784911
1420820050
833931616
1494652722
2046800106
1384750315
1163938262
681763160
752776275
841925615
1975978655
1255204136
368276676
1367800878
483958651
1374474348
1597496258
959851398
1632456855
1444254564
933082036
1073728711
884863567
1313468720
336843617
1439413465
239016870
268352292
100464998
228190332
2064463961
22066104
1669680446
563970873
859879587
923336705
2116837241
862298063
97954978
2048963867
1726741169
2045739598
1231850102
916157999
261893183
182725226
662058594
1244729000
614610436
255782792
434963776
1542153364
1850491843
376888154
1732501591
1728892881
1800587944
1264476308
870803710
848583444
1332662373
1997302755
2141474150
1870194046
1445786886
1122748249
536438021
922890384
104296361
452632889
1316955687
1759447498
1437102422
437582266
762163916
1038907375
727227359
381449788
1451713995
134884339
1734594383
312166408
2145375909
651374368
1597218100
387990995
374066021
702522726
1791383383
2136834313
931489132
1663375988
989955496
675747329
888518752
2135487024
1213404340
1488254113
1092317552
2046476815
702324529
1446147928
1287189752
1669182941
781556629
1800985055
1615628047
1854999951
1817869052
1096929422
1158763346
587911947
481880115
1393737356
475458680
1764884092
848519704
1949529129
1605202938
956931154
279167678
2136893110
1264121860
1053169201
813602149
1016671755
814577989
1056216827
2061892094
259617238
1415935535
1320968471
457397037
1609592393
551266206
230870604
211367660
1346870041
761078233
913707694
1939696859
527351524
1534664504
1562150292
1174391121
797769388
1008717003
93769464
1050163803
1982460548
873601303
121696356
2020950076
1106325604
1703891947
1707898066
938116300
2144389246
1625279592
1714636369
85744257
2096560511
1649716852
514424230
2030496937
846256126
1964032245
536987580
1848378545
1515708846
699630970
128031703
161881630
1822018574
1504971955
1388333937
1806690777
1240772895
811398415
1612161984
1952610124
418532503
1339106826
310803988
1966715679
2141575122
964841307
416673953
550242798
1904628066
1523923096
1840415646
762406077
1849638194
492679650
1686792125
1123592982
1429852367
630956338
312182201
356263164
244857141
1987216382
940209861
1290125053
58423238
1643411751
178495372
1808845429
860704149
1907500955
1736159714
177554449
1399691579
855892531
164477195
693688808
381888951
981293870
1587327107
828693848
1046862932
1846629534
1429401982
1110114537
1388114820
913174770
1956009563
1855994984
1530249964
42357536
1147464090
726195714
1579115290
1857150318
234541337
1613739628
1166876359
632813998
2124324369
1671422792
1321837270
1411991595
1590508202
1112834029
1091089017
1602142819
1758569304
152767167
226818719
608197783
1106151507
284242986
973827233
478755731
688952385
819574060
1364636156
81155560
692679590
1422185335
813267325
112591758
1677759677
380478505
1835310361
1534613833
1002277863
1087038557
160378112
279220074
1200737321
1357785220
544864436
336786450
1563132478
2082472747
334745724
281150581
293160507
1832658532
1623288720
1621111367
993257719
934344434
1556512409
1033198926
432367186
695342333
1185914358
1372049241
1669516511
1525606831
1611958067
256260455
2060974182
1473895688
321971680
755200982
1750250179
1912214365
1710231202
1398492171
778188808
253996651
1791175720
1676740198
1550635112
1311669624
1040169721
1456883991
1812147253
1375422834
286460357
1978231816
8293390
197520819
34701358
1017521480
1221384245
1824523492
1650391461
1876892867
1107061885
771203006
955369591
794817199
224591036
477724890
712851795
2061966386
1618647246
819309384
1893862353
841389929
112119058
465353063
2069923138
2105262226
223173738
1942268710
217148043
799886542
1214577503
506461428
428695681
1552125018
869409436
1383837774
545283048
1621228262
1120264879
1303630714
1875807805
5715954
1844084173
1049707282
632657299
484757105
585030709
384008880
536055013
626937390
1907691975
2076775333
2019439766
791028374
1992566175
1159941329
1288712830
1383896056
96709877
1515791698
391620542
553780732
968794413
719223014
10377295
830640197
2113530002
607757952
1452793449
1941077064
1094565825
685313217
1087763244
551939893
202020694
1817521427
66514727
207959083
1418568406
301279464
634286631
3133145
965564186
25664168
1460570109
698993355
2052023673
1193341508
1689435196
53140979
47127628
1119704251
857691021
1720698202
475574407
887629628
2099413274
1696544489
1008365126
1228822274
553467254
1019871229
1406064231
1760763228
564954022
1391048315
2008104879
131661255
1118631731
1567212411
593222455
1663906903
1176326768
1442589637
671336487
570869494
245659377
984794850
214332259
409152865
903732074
435457766
647408596
656382540
2093093711
1098656150
1386728027
162654136
1694883236
1159032856
688687093
788932940
1680150989
182337686
1201691927
1500670170
362127684
1840748951
683293139
1657055421
1516470815
197776358
1917065198
897767515
1941428110
908358887
1687027372
1206821474
170399413
524210259
348986808
646072555
1817542450
92315306
2044490621
1303228853
172417990
196231666
300909673
837791738
210383570
355358585
2014268785
877901295
1771177231
249563859
210156219
626233858
1544569305
1378379284
1807893894
1379406181
217615475
493976320
1692853085
1992779166
1041562668
673921426
2072300481
916628130
793699835
1591262761
56605938
541831569
2029183320
1673537952
486979875
1622955051
254535988
1833280920
1159909052
1195233074
395297940
1470548632
69370306
760189492
1150109803
622766186
899815810
1689111312
1254949352
448836920
1066127851
905220263
387188146
140643103
1762105201
2020039511
1332342887
1472931950
44206577
1088278297
1085795749
1311843717
1481300155
1984000429
165967886
1321103793
1077929949
1024336486
394269147
713998700
363909858
1507970852
1316494084
304156218
18211143
1448787600
1484009317
1119789717
1821336661
1872951659
383050998
566843056
913519376
1323496734
2132824953
339207931
997436639
1658911922
531023878
881720638
306100773
2011093414
1578224035
86944594
1655103049
1664362579
867744070
1136455768
398211824
1435039469
587990932
127278490
1896598563
1663464305
550879256
387478358
954062664
1756405457
1726699230
842859405
1686959382
145142091
885480231
1849427800
1838904280
1342874575
1587207300
1343358671
1713488593
1664090369
1799796512
732094714
1140688919
539402593
2122837490
1117679604
1829565071
2016701416
966648175
139321434
39840604
1500500899
263184241
1745336822
369076898
841650549
1125094422
370296212
2119190345
412602575
654792943
591249217
1605099105
2031910130
1690407710
717811569
722566295
829452012
1497449145
874481039
340439648
645894412
1979208702
1023644468
2082084486
649537479
292022093
811361368
475982580
55078816
767276291
2115402313
359927306
1426151019
627239532
1751849148
1574592482
37218364
808735644
2767842
260063561
843792014
544289771
1901457720
2094165086
394697244
1052843373
1615044555
261928732
753502863
443926530
1714731338
209383164
1814542336
1487296607
454774003
1078813789
301671406
2071330084
977818212
294436598
1495270243
224942527
1976299780
21271135
1487317511
390898957
1025848625
408323754
1976430903
131810896
323184441
1057806392
634571425
2019957098
1888799738
696285372
448018672
1381093275
80485675
782487704
367785709
1234884309
760981376
499969493
1465529367
1214866526
956214645
1118197234
1155148606
1200811117
172649704
2050208154
1873145378
1057263158
1727062118
19409496
1094457531
1523733390
1002470243
2080046249
1512231590
312779852
705156626
104095814
1246707164
2113828381
1776128238
1288631260
2136774212
1906071851
1958999309
1328054374
1423833422
1192998908
739985807
666619842
479682027
111787475
1879628729
162842560
803906415
1692849254
1384449626
2099493514
120100756
1438596847
796022228
1340427610
213049147
542556165
490204463
2027809872
1653389154
1951143389
1446041831
1100544506
1177057560
1390313203
49902510
69733667
21838961
541457220
1776851170
762173923
1168885387
1245416097
1740192920
609764163
1071404765
690269444
123171123
1634951368
1011134604
805598861
208029528
1994982195
1865424306
2090057415
1114706686
2092917020
328019635
1913245572
950390214
1058395252
1167560085
2036217714
1862473338
2124738983
119945420
256600826
2014053813
570225362
397047367
1138934516
1532714654
502750534
1495994619
202093688
220570822
706727250
733129762
2060127536
1525187877
239711862
807720994
304355711
209420219
1338151494
1504820812
1802288100
1019060124
1731621621
866251648
1025301899
1838015692
964201053
91837185
1582446241
1551575581
556560806
1854068692
564794268
612693631
1726417428
505636179
1868866552
1817220965
842645359
926244232
2097435643
352786560
1790580609
2004788788
674934947
97812030
1063810841
1034238407
1080504689
1717869272
449374654
238524459
1998767149
894585405
1745537068
1515119553
1001148161
470350314
587014609
260083366
1452082202
219242632
1185493851
1305962638
1933838586
1977033529
2062284083
202271203
1608428380
333223282
918272087
1233489426
1663791114
346754585
2134468058
447316273
574228814
1848449248
1519298421
209192220
2130316709
2023168324
1460513836
462492469
891861712
1974847511
1340302913
1559811130
754377641
2010674001
593347205
966695889
577684713
379087119
1528613044
370247708
1116493749
394895099
720209385
816222719
280447393
1259498242
219571534
163265648
594251438
2079964091
1174115718
359885302
1779600136
1543555483
1162749987
1274856870
893934873
1868432954
1533359298
1989739494
21903545
515801469
1812952398
1379392793
583838742
1209236562
1596050689
856825064
1962519168
668711330
1984113047
1427476204
1812042595
376257011
2030937400
1449508
1626083278
523305089
184631866
995531329
1002725532
744901226
762826062
586995258
983870023
613388899
922822144
1938320349
1826691441
874875406
170560432
978110397
1577220884
1190127420
407272378
1147872800
167522146
814991194
455336283
107253305
1846224553
1082953022
1143053637
1721163446
1369408163
1969098963
1029531778
1844343538
1086943095
1167337268
333141607
230477580
109421331
1657575793
728601378
